879112768858734592
879118556834570240
879123841720528897
879126857609641985
879128623516536832
879137431928266752
879298246052462592
879297233811668992
879295473084899328
879294465185169409
879291194018103297
879290442944200704
879283396987334656
879283140426059776
879281383809572864
879280377365319681
879277351812513793
879272828226256900
879270561523748864
879485982332010496
879483712160714752
879480440507162624
879479439226060800
879476205941960704
879492275797020673
879491514006593536
879488495449915392
879488242332160002
879504102849298432
879499315332268032
879499068384268288
879498314340814850
879511653146021889
879509885737500672
879519197939736577
879518191239569408
879517934732722176
879517687734353921
879515166718558208
879524478107111424
879521966075465728
879534293407617024
879534041581576192
879533917623132160
879541843196649472
879549645269065729
879549185539715072
879549142250397697
879545116041461761
